wire
N = 300
M = 30
C1 = 2
eta = 0.8
No. points = 980
Mean_Value = 0.23025470103605317
Stand_dev = 3.106421502599734
RMS = 3.114943302720483
Skewness = 0.22139980041412072
Kurtosis = 1.8158043359075249
